[4.83897453e-03 4.52713014e-01 1.66236055e-03 9.45374890e-04
 2.81322398e-04 6.74436902e-17 4.12722280e-17 1.34424325e-03
 2.97999105e-03 1.80530783e-03 1.60622196e-03 1.66517037e-03
 1.07222257e-03 1.16401787e-03 1.54660571e-03 1.83903245e-16
 1.36422705e-03 1.80994480e-03 1.72643102e-03 1.72643102e-03
 3.26430124e-03 9.50006454e-04 3.59937690e-16 1.18820006e-03
 9.50006454e-04 1.54660571e-03 1.66517037e-03 1.66236055e-03
 7.11750147e-04 2.78740061e-03 3.38261351e-16 1.28904243e-03
 2.97999105e-03 9.50006454e-04 4.59631996e-04 1.53704466e-03
 2.97999105e-03 2.60561184e-03 1.42046377e-03 1.48133370e-03
 1.43274179e-03 1.05710499e-03 1.53998768e-03 1.32648934e-16
 2.79278004e-04 1.42046377e-03 1.48538241e-03 4.01541035e-04
 1.66236055e-03 8.73812967e-04 8.41357775e-04 1.53704466e-03
 1.60622196e-03 1.42046377e-03 3.09468803e-03 7.25291487e-01
 2.33081056e-04 1.42046377e-03 1.06202549e-03 1.71529281e-03
 9.45374890e-04 1.54660571e-03 1.71429231e-03 1.54660571e-03
 2.96812770e-03 9.45374890e-04 1.47522487e-03 1.06722794e-03
 1.42046377e-03 1.27050876e-03 1.42046377e-03 5.87508162e-01
 1.80994480e-03 9.50006454e-04 7.90743298e-04 1.80994480e-03
 1.47522487e-03 1.02271361e-03 1.66236055e-03 1.42046377e-03
 1.67672593e-03 2.89735484e-03 8.15727042e-17 8.41357775e-04
 9.16120345e-04 2.24895318e-04 1.26577603e-03 1.42979950e-16
 1.54660571e-03 1.42046377e-03 1.54660571e-03 1.66236055e-03
 1.93494147e-03 1.11357339e-03 1.06202549e-03 1.54660571e-03
 3.21745909e-03 1.01577476e-03 3.36610666e-16 1.02599233e-03
 1.01577476e-03 6.08779620e-01 1.06202549e-03 1.78036075e-03
 4.57390059e-04 1.31250155e-03 4.33488180e-04 2.78995106e-03
 6.24712388e-17 1.01082288e-03 7.02290581e-04 9.50006454e-04
 1.82696412e-03 1.14110214e-03 9.45374890e-04 1.72643102e-03
 2.89735484e-03 1.65810105e-03 1.54660571e-03 3.09468803e-03
 1.06722794e-03 1.33457221e-03 1.60622196e-03 1.54660571e-03
 9.45374890e-04 4.17608130e-17 1.47522487e-03 1.01082288e-03
 1.42046377e-03 1.01577476e-03 9.79297907e-04 1.60622196e-03
 1.42046377e-03 1.01784890e-03 1.31458152e-03 8.15727042e-17
 8.11746366e-17 1.42046377e-03 8.73812967e-04 3.09468803e-03
 1.66236055e-03 1.67672593e-03 1.80994480e-03 1.82696412e-03
 1.99911198e-16 9.50006454e-04 1.11357339e-03 1.42046377e-03
 1.47522487e-03 1.71717352e-03 1.54660571e-03 1.72643102e-03
 1.02271361e-03 8.73812967e-04 1.07014855e-03 3.90335740e-03
 1.60622196e-03 1.42046377e-03 2.47036841e-03 1.66236055e-03
 1.80994480e-03 1.01082288e-03 1.72643102e-03 9.50006454e-04
 5.42921080e-04 1.47522487e-03 9.84733395e-04 1.42046377e-03
 1.80530783e-03 9.79297907e-04 1.32648934e-16 2.37665293e-04
 3.36610666e-16 7.29048762e-04 1.06722794e-03 8.15727042e-17
 1.80994480e-03 1.47522487e-03 1.72643102e-03 1.71984750e-16
 1.66236055e-03 1.36422705e-03 2.18135870e-03 3.59937690e-16
 1.42046377e-03 1.04709191e-03 1.06202549e-03 1.47522487e-03
 9.50006454e-04 1.42046377e-03 1.10012969e-03 9.84733395e-04
 1.80994480e-03 1.11357339e-03 1.06202549e-03 1.48538241e-03
 4.09119906e-04 1.48797552e-03 6.58441533e-03 1.72643102e-03
 1.87969273e-03 1.60622196e-03 3.50409210e-03 2.57556121e-04
 1.60622196e-03 8.41357775e-04 3.58568790e-03 2.34352864e-03
 1.66236055e-03 3.30274428e-04 1.80886242e-16 9.84733395e-04
 1.38277685e-03 4.27583186e-04 2.78740061e-03 1.32648934e-16
 1.66236055e-03 6.59466006e-01 1.54660571e-03 3.59937690e-16
 8.73812967e-04 1.83005813e-16 1.54660571e-03 1.87969273e-03
 1.87969273e-03 1.66236055e-03 1.06722794e-03 2.67964129e-03
 8.11746366e-17 1.32648934e-16 1.54095197e-03 1.42046377e-03
 1.87969273e-03 1.06202549e-03 1.60622196e-03 8.15727042e-17
 9.50006454e-04 1.66236055e-03 1.42046377e-03 2.25660851e-03
 9.50006454e-04 1.66236055e-03 1.66236055e-03 1.66236055e-03
 1.80994480e-03 2.78995106e-03 7.43966559e-17 6.27474647e-01
 1.98935649e-16 2.78995106e-03 1.72643102e-03 2.34352864e-03
 1.06202549e-03 1.47999219e-03 6.77576633e-04 1.93759351e-03
 9.79297907e-04 7.12654741e-04 1.01082288e-03 1.60622196e-03
 1.01577476e-03 9.50006454e-04 1.54660571e-03 1.99861746e-03
 1.66517037e-03 5.09013644e-03 2.89735484e-03 6.58441533e-03
 4.33488180e-04 2.31943905e-04 1.66236055e-03 3.61702767e-16
 8.73812967e-04 7.32063496e-04 7.09363649e-01 1.60622196e-03
 7.25291487e-01 1.47522487e-03 6.61536558e-01 1.73941158e-03
 1.72643102e-03 1.87969273e-03 8.07430940e-04 4.77510975e-03
 2.78995106e-03 3.15628156e-03 1.87969273e-03 1.54660571e-03
 8.21987283e-04 3.38990384e-03 1.36422705e-03 1.32001619e-16
 1.42046377e-03 2.89470650e-03 1.87969273e-03 1.60336972e-03
 1.54660571e-03 3.36610666e-16 1.80994480e-03 1.10012969e-03
 1.98935649e-16 1.22269476e-16 1.80333013e-03 1.39607003e-03
 2.97999105e-03 2.78995106e-03 7.61912782e-01 1.72643102e-03
 3.38261351e-16 1.34424325e-03 1.80994480e-03 4.88824818e-04
 1.42046377e-03 1.06722794e-03 1.04709191e-03 1.54660571e-03
 1.80994480e-03 6.92826225e-01 3.96285347e-04 6.58431793e-01
 8.73812967e-04 1.72643102e-03 7.02290581e-04 5.07039050e-03
 2.78007634e-03 1.54660571e-03 2.97999105e-03 3.38261351e-16
 1.54660571e-03 3.61702767e-16 3.61702767e-16 1.54660571e-03
 1.01577476e-03 6.51868907e-04 1.42046377e-03 2.31834681e-04
 1.66236055e-03 1.07222257e-03 2.78995106e-03 1.42046377e-03
 6.34120291e-03 1.01577476e-03 1.66236055e-03 2.78995106e-03
 1.54660571e-03 1.14110214e-03 1.66517037e-03 1.06202549e-03
 1.48538241e-03 5.93267715e-03 1.60622196e-03 1.60622196e-03
 9.51456741e-04 8.41357775e-04 7.40418458e-04 1.04709191e-03
 1.42046377e-03 1.87969273e-03 1.72643102e-03 1.59656235e-03
 1.55348860e-03 1.47522487e-03 1.01082288e-03 1.66236055e-03
 1.54660571e-03 4.38437030e-04 9.45374890e-04 1.54660571e-03
 1.66517037e-03 2.78995106e-03 1.42639730e-03 6.92826225e-01
 1.72643102e-03 1.11357339e-03 1.73189883e-03 1.54660571e-03
 3.17577902e-03 7.32063496e-04 1.42046377e-03 1.87969273e-03
 1.60622196e-03 1.42046377e-03 1.12195123e-03 1.65344604e-03
 7.04869454e-04 1.43187001e-03 9.12197739e-04 3.59937690e-16
 8.08029538e-04 1.66236055e-03 6.77576633e-04 1.49267288e-03
 2.89735484e-03 3.36610666e-16 4.57390059e-04 1.54660571e-03
 1.42046377e-03 1.96679735e-03 1.07222257e-03 1.94995163e-03
 1.54660571e-03 1.54264236e-03 1.80994480e-03 4.57390059e-04
 1.80644637e-03 3.36610666e-16 6.74436902e-17 1.42046377e-03
 1.54660571e-03 2.56550098e-03 1.32648934e-16 1.01082288e-03
 1.87969273e-03 1.36422705e-03 1.87969273e-03 1.42046377e-03
 8.73812967e-04 1.54660571e-03 3.29798677e-03 4.68912250e-04
 7.32063496e-04 1.60336972e-03 4.17608130e-17 9.45374890e-04
 1.02271361e-03 2.78740061e-03 1.42046377e-03 1.36422705e-03
 1.87969273e-03 1.42046377e-03 1.42046377e-03 1.66236055e-03
 1.87969273e-03 2.34352864e-03 1.47522487e-03 3.61702767e-16
 4.44292687e-03 1.66236055e-03 1.65628435e-03 1.43681101e-16
 8.05095339e-04 8.21987283e-04 3.51698526e-04 1.65344604e-03
 1.66236055e-03 4.47005305e-17 5.63004331e-03 8.15727042e-17
 1.80994480e-03 6.50546171e-04 1.47522487e-03 7.04869454e-04
 1.36422705e-03 1.66236055e-03 1.73196188e-03 1.47522487e-03
 1.73831521e-03 1.42639730e-03 1.42046377e-03 9.50006454e-04
 1.71717352e-03 1.06202549e-03 3.15628156e-03 1.07222257e-03
 1.80994480e-03 1.02271361e-03 3.36610666e-16 4.50848004e-17
 1.60622196e-03 1.47522487e-03 1.42046377e-03 2.25660851e-03
 1.80333013e-03 1.52214653e-03 1.66517037e-03 1.66236055e-03
 3.58568790e-03 9.84733395e-04 2.47368559e-04 9.12769285e-04
 9.45374890e-04 8.86732426e-17 1.66236055e-03 2.01587344e-03
 1.14408126e-03 2.11066976e-03 1.54660571e-03 2.37023145e-03
 1.41527050e-03 1.32001619e-16 1.54660571e-03 1.42046377e-03
 1.66236055e-03 3.36610666e-16 1.66236055e-03 1.42046377e-03
 1.60622196e-03 1.42046377e-03 1.47522487e-03 6.74464175e-03
 7.04869454e-04 1.02271361e-03 3.38261351e-16 5.27671211e-01
 1.01577476e-03 1.49267288e-03 1.54660571e-03 1.66236055e-03
 6.63709408e-04 2.50899564e-03 1.80994480e-03 2.56251343e-04
 2.34352864e-03 1.48538241e-03 1.75466217e-03 2.78740061e-03
 8.41357775e-04 3.17577902e-03 1.54660571e-03 1.02271361e-03
 1.80994480e-03 1.66517037e-03 1.72643102e-03 4.48694970e-04
 6.74485680e-04 9.16120345e-04 1.66236055e-03 1.36422705e-03
 1.42046377e-03 1.78036075e-03 1.66236055e-03 1.66236055e-03
 1.48538241e-03 1.36422705e-03 1.42046377e-03 1.66517037e-03
 2.01587344e-03 1.60622196e-03 1.07222257e-03 8.11746366e-17
 1.41527050e-03 1.04709191e-03 7.04869454e-04 1.02271361e-03
 1.04709191e-03 3.36610666e-16 1.01577476e-03 2.87533958e-03
 1.10012969e-03 1.54660571e-03 1.80994480e-03 6.92826225e-01
 1.80994480e-03 1.80994480e-03 8.41357775e-04 8.73812967e-04
 8.82405251e-17 1.42046377e-03 4.87007440e-04 1.42046377e-03
 8.15727042e-17 1.54660571e-03 1.37344621e-03 1.60622196e-03
 1.66236055e-03 1.87969273e-03 1.42046377e-03 1.01577476e-03
 1.01082288e-03 1.71717352e-03 5.07039050e-03 3.36610666e-16
 6.92826225e-01 1.02271361e-03 8.73812967e-04 1.79871008e-03
 1.47522487e-03 3.38261351e-16 1.32648934e-16 7.79374957e-04
 1.47522487e-03 3.38261351e-16 3.36610666e-16]